1 221 69 161 223 
2 205 69 166 230 
3 37 54 198 274 
4 107 25 185 256 
5 232 40 125 173 
6 126 26 172 238 
7 96 69 185 256 
8 82 126 260 360 
9 102 31 104 144 
10 59 42 91 126 
11 221 69 161 223 
12 237 50 164 227 
13 20 57 205 284 
14 152 38 109 151 
15 84 79 281 389 
16 141 36 62 86 
17 7 45 127 176 
18 111 67 96 133 
19 150 61 203 281 
20 126 1 374 518 
21 44 112 291 403 
22 30 81 304 416 
23 74 111 268 371 
24 89 132 247 342 
25 126 1 374 518 
26 74 45 91 126 
27 107 25 185 256 
28 33 46 265 367 
29 279 68 520 720 
30 96 69 185 256 
31 270 46 255 353 
32 96 69 185 256 
33 148 112 135 187 
34 47 45 60 83 
35 150 61 203 281 
36 82 37 114 158 
37 140 84 195 270 
38 46 51 109 151 
39 44 28 81 112 
40 93 86 190 263 
41 50 66 99 137 
42 23 28 185 248 
43 140 167 302 418 
44 137 89 179 248 
45 181 41 192 266 
46 47 45 60 83 
47 127 91 172 238 
48 43 75 151 209 
49 37 54 198 274 
50 148 53 216 299 
51 88 75 174 241 
52 221 69 161 223 
53 90 156 478 662 
54 84 72 234 324 
55 118 48 60 83 
56 59 42 91 126 
57 205 69 166 230 
58 68 77 190 263 
59 14 21 205 284 
60 228 105 374 518 
61 152 74 138 191 
62 77 89 203 281 
63 103 77 153 212 
64 51 67 255 314 
65 91 76 156 216 
66 29 96 291 403 
67 84 102 174 241 
68 29 39 57 79 
69 112 129 315 436 
70 77 89 203 281 
71 74 51 143 198 
72 110 122 234 324 
73 41 19 83 115 
74 74 45 91 126 
75 195 54 133 184 
76 70 94 283 392 
77 228 105 374 518 
78 647 398 918 1271 
79 43 115 177 245 
80 39 89 283 392 
81 9 1 114 151 
82 135 36 127 176 
83 106 158 88 122 
84 48 66 296 402 
85 200 62 156 216 
86 86 126 151 209 
87 54 132 359 497 
88 91 110 198 274 
89 44 28 81 112 
90 119 1 153 212 
91 237 50 164 227 
92 146 67 182 252 
93 76 51 127 176 
94 133 62 133 184 
95 171 50 239 331 
96 107 45 307 425 
97 128 27 135 187 
98 86 126 151 209 
99 47 31 91 126 
100 187 19 91 126 
101 94 62 130 180 
102 228 21 151 209 
103 4 59 205 284 
104 215 55 177 245 
105 33 70 252 314 
106 93 64 120 166 
107 162 57 137 202 
108 75 50 320 443 
109 37 50 117 162 
110 96 111 429 594 
111 20 57 205 284 
112 44 28 81 112 
113 64 47 283 392 
114 60 1 307 346 
115 85 38 221 306 
116 35 24 99 137 
117 148 112 135 187 
118 202 59 143 198 
119 39 37 68 94 
120 70 116 221 306 
121 70 8 68 119 
122 196 42 151 209 
123 29 96 291 403 
124 84 72 234 324 
125 217 86 187 259 
126 126 26 172 238 
127 162 97 117 162 
128 179 158 151 209 
129 96 69 185 256 
130 42 78 156 216 
131 162 97 117 162 
132 72 47 146 202 
133 280 252 642 889 
134 122 59 109 151 
135 39 71 224 310 
136 162 57 137 202 
137 232 40 125 173 
138 217 86 187 259 
139 100 25 104 144 
140 17 40 130 180 
141 220 26 138 191 
142 28 29 127 176 
143 84 119 151 209 
144 44 112 291 403 
145 104 62 237 328 
146 72 47 146 202 
147 92 56 179 248 
148 58 54 229 317 
149 429 330 1482 2052 
150 35 24 99 137 
151 93 86 190 263 
152 44 112 291 403 
153 93 64 120 166 
154 70 94 283 392 
155 94 62 130 180 
156 104 101 198 274 
157 28 29 127 176 
158 107 38 78 108 
159 102 31 104 144 
160 140 68 156 216 
161 82 66 177 245 
162 216 63 130 180 
163 98 80 135 187 
164 124 85 231 320 
165 138 66 148 205 
166 54 46 120 166 
167 145 50 161 223 
168 64 93 211 292 
169 118 48 60 83 
170 113 228 374 518 
171 94 62 130 180 
172 141 155 257 356 
173 142 89 203 281 
174 138 71 172 238 
175 59 42 91 126 
176 130 33 114 158 
177 102 56 125 173 
178 255 15 153 212 
179 167 207 96 133 
180 140 167 302 418 
181 181 41 192 266 
182 79 66 296 410 
183 96 111 429 594 
184 167 207 96 133 
185 162 97 117 162 
186 33 70 252 314 
187 47 31 91 126 
188 221 22 101 140 
189 54 132 359 497 
190 91 110 198 274 
191 93 44 153 212 
192 200 119 356 493 
193 96 69 185 256 
194 39 71 224 310 
195 114 65 213 295 
196 107 45 307 425 
197 60 67 107 148 
198 157 109 247 342 
199 95 43 117 162 
200 200 62 156 216 
201 91 76 156 216 
202 84 72 234 324 
203 33 48 127 176 
204 122 59 109 151 
205 120 80 179 248 
206 141 155 257 356 
207 4 59 205 284 
208 145 54 177 245 
209 115 65 109 151 
210 140 68 156 216 
211 110 65 216 299 
212 60 79 125 173 
213 127 91 172 238 
214 133 98 101 140 
215 69 63 190 263 
216 92 56 179 248 
217 216 63 130 180 
218 2 28 109 151 
219 60 79 125 173 
220 146 75 146 202 
221 140 84 195 270 
222 119 66 99 137 
223 126 26 172 238 
224 44 112 291 403 
225 108 75 263 364 
226 43 75 151 209 
227 166 68 125 173 
228 30 81 304 416 
229 145 50 161 223 
230 137 89 179 248 
231 121 113 109 151 
232 148 26 107 148 
233 84 47 146 202 
234 57 36 55 76 
235 102 111 133 184 
236 41 40 88 122 
237 25 57 138 191 
238 64 93 211 292 
239 178 62 130 180 
240 85 74 177 245 
241 138 206 655 907 
242 124 45 218 302 
243 93 86 190 263 
244 46 30 75 104 
245 236 109 120 166 
246 7 45 127 176 
247 280 252 642 889 
248 88 54 192 266 
249 107 38 78 108 
250 66 78 185 256 
251 280 252 642 889 
252 113 228 374 518 
253 135 36 127 176 
254 102 31 104 144 
255 220 26 138 191 
256 200 62 156 216 
257 240 48 120 166 
258 255 15 153 212 
259 25 57 138 191 
260 96 111 429 594 
261 40 64 62 86 
262 111 74 187 259 
263 75 1 125 173 
264 41 57 99 137 
265 64 93 211 292 
266 104 101 198 274 
267 139 99 203 281 
268 20 29 101 140 
269 232 40 125 173 
270 221 22 101 140 
271 200 182 205 284 
272 647 398 918 1271 
273 191 143 107 148 
274 110 122 234 324 
275 221 69 161 223 
276 166 59 88 122 
277 96 111 429 594 
278 146 75 146 202 
279 2 28 109 151 
280 179 158 151 209 
281 647 398 918 1271 
282 134 48 112 184 
283 86 126 151 209 
284 104 101 198 274 
285 91 110 198 274 
286 212 89 218 302 
287 44 112 291 403 
288 242 194 356 493 
289 145 54 177 245 
290 195 54 133 184 
291 68 60 260 339 
292 130 33 114 158 
293 169 159 127 176 
294 2 28 109 151 
295 44 28 81 112 
296 195 99 187 259 
297 274 41 390 540 
298 48 66 296 402 
299 76 51 127 176 
300 142 68 112 155 
301 237 50 164 227 
302 86 60 164 227 
303 88 117 174 241 
304 85 38 221 306 
305 118 48 60 83 
306 57 47 221 306 
307 9 1 114 151 
308 133 62 133 184 
309 191 143 107 148 
310 76 51 127 176 
311 37 54 198 274 
312 216 59 91 126 
313 58 49 153 212 
314 181 41 192 266 
315 140 167 302 418 
316 122 9 91 126 
317 114 187 372 515 
318 98 103 234 324 
319 107 168 398 551 
320 159 42 138 191 
321 72 47 146 202 
322 89 80 146 202 
323 46 30 75 104 
324 98 47 187 259 
325 137 89 179 248 
326 105 12 117 162 
327 40 64 62 86 
328 137 47 135 187 
329 82 66 177 245 
330 43 75 151 209 
331 84 119 151 209 
332 105 12 117 162 
333 240 48 120 166 
334 82 89 250 346 
335 107 45 307 425 
336 39 71 224 310 
337 121 113 109 151 
338 134 48 112 184 
339 96 69 185 256 
340 93 71 153 212 
341 107 25 185 256 
342 95 71 226 313 
343 72 94 221 306 
344 181 41 192 266 
345 216 59 91 126 
346 114 75 135 187 
347 146 75 146 202 
348 82 89 250 346 
349 50 36 65 90 
350 90 118 177 245 
351 17 40 130 180 
352 103 19 99 137 
353 169 159 127 176 
354 145 54 177 245 
355 82 89 250 346 
356 68 49 195 270 
357 1 58 91 126 
358 94 42 104 144 
359 242 194 356 493 
360 134 65 99 137 
361 84 79 281 389 
362 140 84 195 270 
363 122 9 91 126 
364 126 1 374 518 
365 70 73 213 295 
366 140 68 156 216 
367 82 126 260 360 
368 90 118 177 245 
369 93 44 153 212 
370 142 68 112 155 
371 40 89 257 356 
372 84 79 281 389 
373 94 48 185 256 
374 302 61 559 705 
375 137 47 135 187 
376 133 49 179 248 
377 120 80 179 248 
378 195 99 187 259 
379 86 126 151 209 
380 181 41 101 140 
381 84 47 146 202 
382 107 45 307 425 
383 84 102 174 241 
384 193 63 161 223 
385 115 65 109 151 
386 47 45 60 83 
387 21 48 190 263 
388 106 158 88 122 
389 135 36 127 176 
390 139 99 203 281 
391 84 72 234 324 
392 126 26 172 238 
393 63 80 159 220 
394 254 95 237 322 
395 137 89 179 248 
396 103 30 194 277 
397 43 115 177 245 
398 39 71 224 310 
399 81 83 138 191 
400 17 40 130 180 
401 138 163 114 158 
402 365 293 712 986 
403 161 62 117 162 
404 189 3 190 263 
405 40 64 62 86 
406 102 111 133 184 
407 239 71 133 184 
408 29 14 223 310 
409 43 75 151 209 
410 55 69 231 320 
411 215 55 177 245 
412 84 119 151 209 
413 156 97 312 432 
414 50 36 65 90 
415 44 28 81 112 
416 112 129 315 436 
417 84 79 281 389 
418 108 75 263 364 
419 43 75 151 209 
420 139 49 224 310 
421 85 38 221 306 
422 240 217 398 551 
423 140 84 195 270 
424 249 24 185 256 
425 25 57 138 191 
426 122 59 109 151 
427 94 62 130 180 
428 104 101 198 274 
429 159 94 231 320 
430 101 113 179 248 
431 174 97 270 374 
432 69 77 172 238 
433 152 38 109 151 
434 239 71 133 184 
435 114 187 372 515 
436 156 97 312 432 
437 33 48 127 176 
438 138 66 148 205 
439 37 50 117 162 
440 162 97 117 162 
441 17 40 130 180 
442 98 103 234 324 
443 156 97 312 432 
444 41 19 83 115 
445 74 51 143 198 
446 96 69 185 256 
447 131 107 114 158 
448 200 119 356 493 
449 192 87 109 151 
450 159 94 231 320 
451 138 71 172 238 
452 196 81 130 180 
453 96 69 185 256 
454 20 57 205 284 
455 89 1 112 155 
456 65 88 187 259 
457 98 141 211 292 
458 29 14 223 310 